𝑋1 -1 +1 -1 -1 -1 -1 +1 +1 -1 -1 -1 -1 +1 +1 -1 +1 +1 -1 -1 +1 +1 -1 -1 +1 +1 -1 +1 -1 -1 +1 +1
𝑋2 +1 -1 +1 +1 +1 +1 -1 +1 +1 -1 -1 +1 +1 -1 +1 +1 +1 -1 +1 -1 -1 +1 +1 -1 +1 +1 +1 -1 +1 -1 +1
𝑋3 -1 -1 -1 +1 +1 +1 +1 -1 -1 +1 -1 -1 -1 -1 -1 +1 -1 -1 +1 -1 -1 +1 +1 -1 -1 +1 -1 +1 -1 -1 -1
𝑋4 +1 -1 +1 +1 +1 -1 -1 +1 +1 -1 +1 -1 +1 -1 +1 -1 +1 -1 +1 +1 -1 -1 -1 -1 +1 +1 +1 -1 +1 -1 +1
𝑋5 -1 +1 -1 -1 -1 -1 -1 +1 -1 +1 +1 -1 -1 +1 -1 +1 +1 +1 -1 +1 -1 -1 +1 +1 +1 +1 -1 +1 +1 -1 +1
𝑋6 +1 +1 +1 +1 -1 -1 -1 +1 +1 -1 +1 -1 -1 +1 +1 +1 -1 +1 -1 -1 +1 +1 +1 -1 -1 +1 +1 -1 +1 -1 +1
𝑋7 -1 -1 -1 -1 -1 +1 +1 -1 +1 +1 +1 +1 -1 -1 +1 -1 +1 +1 -1 -1 +1 +1 -1 +1 -1 +1 +1 -1 -1 +1 -1
𝑋8 +1 -1 +1 +1 -1 -1 +1 +1 +1 +1 -1 -1 -1 +1 -1 -1 +1 -1 +1 +1 -1 +1 +1 +1 -1 +1 -1 +1 -1 -1 -1
𝑋9 -1 -1 +1 +1 +1 -1 -1 -1 -1 -1 -1 +1 +1 -1 -1 -1 -1 +1 +1 -1 +1 -1 +1 +1 +1 +1 -1 +1 +1 -1 -1
𝑋10 +1 +1 +1 +1 +1 -1 +1 -1 +1 +1 -1 -1 -1 +1 -1 +1 +1 -1 -1 -1 +1 -1 +1 -1 +1 -1 +1 +1 +1 -1 +1
𝑋11 -1 -1 -1 +1 -1 +1 +1 -1 +1 +1 +1 -1 -1 +1 -1 -1 -1 -1 +1 -1 -1 -1 +1 -1 -1 +1 +1 -1 -1 -1 -1
𝑋12 +1 +1 -1 -1 +1 +1 -1 -1 -1 -1 -1 +1 -1 -1 -1 -1 -1 -1 +1 +1 +1 +1 +1 +1 -1 +1 -1 -1 +1 +1 -1
𝑋13 -1 -1 +1 +1 +1 -1 -1 -1 -1 -1 -1 -1 +1 +1 -1 +1 -1 -1 -1 +1 -1 +1 +1 -1 -1 -1 +1 +1 +1 -1 +1
𝑋14 +1 -1 +1 +1 -1 +1 -1 -1 +1 -1 +1 +1 -1 +1 +1 -1 +1 +1 -1 -1 +1 +1 +1 -1 -1 -1 +1 +1 +1 -1 -1
𝑋15 -1 -1 -1 +1 +1 +1 +1 -1 +1 -1 +1 +1 +1 +1 -1 +1 -1 +1 +1 -1 -1 +1 -1 -1 +1 -1 +1 -1 +1 -1 +1
𝑋16 +1 -1 -1 -1 -1 +1 +1 -1 +1 +1 -1 +1 +1 +1 -1 +1 -1 +1 +1 +1 -1 -1 +1 +1 +1 -1 +1 -1 +1 -1 +1
𝑋17 -1 -1 -1 +1 -1 -1 -1 +1 -1 -1 +1 -1 +1 -1 +1 -1 +1 +1 -1 +1 +1 +1 +1 -1 -1 -1 +1 -1 +1 -1 -1
𝑋18 +1 -1 +1 +1 +1 +1 -1 -1 -1 +1 +1 +1 +1 +1 -1 +1 -1 +1 +1 -1 +1 -1 -1 +1 +1 +1 -1 -1 -1 -1 -1
𝑋19 -1 +1 +1 +1 +1 -1 -1 +1 +1 -1 +1 +1 -1 -1 +1 +1 +1 -1 -1 -1 -1 -1 -1 -1 -1 +1 -1 +1 +1 -1 +1
𝑋20 +1 +1 -1 -1 +1 -1 +1 +1 -1 +1 -1 -1 -1 -1 +1 +1 -1 -1 +1 +1 -1 -1 +1 +1 +1 +1 +1 +1 +1 -1 +1
𝑋21 -1 -1 +1 -1 -1 -1 -1 -1 +1 +1 -1 -1 +1 -1 +1 -1 -1 +1 +1 -1 +1 -1 +1 -1 -1 +1 +1 +1 -1 +1 +1
𝑋22 +1 +1 -1 -1 +1 +1 +1 -1 -1 +1 +1 -1 +1 +1 -1 +1 -1 +1 -1 +1 +1 +1 +1 -1 -1 -1 +1 +1 -1 +1 +1
𝑋23 -1 +1 +1 -1 +1 -1 +1 +1 +1 -1 -1 +1 -1 -1 -1 -1 -1 -1 +1 -1 -1 -1 +1 -1 +1 -1 -1 -1 +1 -1 +1
𝑋24 +1 +1 -1 +1 -1 -1 +1 -1 +1 -1 +1 +1 +1 +1 +1 +1 +1 +1 -1 -1 -1 +1 +1 +1 +1 +1 +1 +1 -1 +1 -1
𝑋25 -1 +1 -1 -1 -1 +1 -1 -1 -1 -1 -1 +1 -1 +1 -1 +1 +1 -1 +1 -1 -1 +1 -1 -1 -1 +1 -1 -1 +1 -1 -1